pitch
0.0 0.4246196150779724
104.0 0.4214438796043396
270.0 0.41155654191970825
429.0 0.39747339487075806
589.0 0.37965184450149536
765.0 0.356960654258728
921.0 0.3348223865032196
1085.0 0.31001320481300354
1261.0 0.2821755111217499
1422.0 0.25673842430114746
1582.0 0.23164236545562744
1741.0 0.2072136551141739
1913.0 0.18180474638938904
2076.0 0.1583709567785263
2237.0 0.1368568390607834
2412.0 0.11470454186201096
2575.0 0.09602625668048859
2732.0 0.07877635210752487
2905.0 0.06231889873743057
3071.0 0.04726676270365715
3230.0 0.034470558166503906
3415.0 0.02190784551203251
3568.0 0.012002102099359035
3730.0 0.003195342607796192
3904.0 -0.005040076095610857
4102.0 -0.012912540696561337
4222.0 -0.01688094437122345
4382.0 -0.02137824520468712
4557.0 -0.025400999933481216
4717.0 -0.028273290023207664
4878.0 -0.030543357133865356
5053.0 -0.032456401735544205
5214.0 -0.033796388655900955
5380.0 -0.03479095548391342
5542.0 -0.03542030602693558
5712.0 -0.0356912761926651
5870.0 -0.03567315265536308
6051.0 -0.035405389964580536
6205.0 -0.03499473258852959
6364.0 -0.03445873036980629
6544.0 -0.033770851790905
6702.0 -0.033037908375263214
6863.0 -0.03224596008658409
7020.0 -0.03153544291853905
7197.0 -0.030917195603251457
7359.0 -0.030552780255675316
7518.0 -0.030216041952371597
7700.0 -0.029882431030273438
7854.0 -0.029793042689561844
8013.0 -0.03003101795911789
8190.0 -0.030592158436775208
8350.0 -0.031504105776548386
8509.0 -0.032976184040308
8694.0 -0.03558417409658432
8848.0 -0.039005622267723083
9007.0 -0.04425119608640671
9184.0 -0.053735073655843735
9345.0 -0.06939663738012314
